0.87222 0.9157513021691831 11.592225551605225
0.87412 0.916956934768841 11.656908512115479
0.87242 0.9160249068625516 11.743452310562134
0.8732 0.9161575286307493 11.726400136947632
0.8745 0.9173591813620261 11.721414804458618
0.87304 0.9161847421373683 11.649933099746704
0.87446 0.9172979881157856 11.5903959274292
0.79316 0.6862828368622216 11.590685606002808
0.8114 0.7036455059710873 11.665056467056274
0.82536 0.7116248348745045 11.471724510192871
0.82918 0.7133988792322407 11.701150894165039
0.83774 0.7263651387905158 11.63716197013855
0.84366 0.7280759731450238 11.522873878479004
0.84706 0.7309951806381256 11.701502799987793
0.84984 0.7347746220149781 11.644036531448364
