0.8608 0.9080095162569388 16.147730588912964
0.86264 0.9093572654084731 35.07814335823059
0.86336 0.9098752077671952 39.44154477119446
0.86412 0.9099273479344541 44.10553050041199
0.8635 0.909954482485652 72.00008273124695
0.8615 0.9083691696989744 40.79468631744385
0.86594 0.9115477494358744 68.41699004173279
0.77798 0.6685773996118823 116.17320394515991
0.79496 0.6835020992837737 65.26504349708557
0.8081 0.6905337848734076 66.61090278625488
0.8124 0.6924186778593914 105.05746173858643
0.82064 0.7039677823991549 111.6234393119812
0.83074 0.7118193891102257 102.59019470214844
0.83064 0.7101588170865278 82.36238598823547
0.83302 0.7116560179589017 83.56673550605774
